0 15 0.988464
0 21 1.01729
0 28 0.992036
0 37 0.996495
0 49 1.00282
0 59 1.00461
0 86 0.993648
0 110 0.992914
0 132 0.990328
0 170 1.00415
0 204 0.987096
0 236 0.953438
0 279 1.01855
0 302 0.974252
0 373 0.981341
0 460 0.993348
0 575 0.989554
0 638 0.998855
0 737 0.98846
0 846 0.977413
0 967 1.02987
0 1101 0.991213
0 1248 1.00205
0 1410 1.00297
0 1588 1.00365
0 1784 1.00182
0 2000 1.00222
0 2238 1.01844
0 2500 0
0 2787 0
0.261 15 0.989613
0.261 21 1.00668
0.261 28 1.01137
0.261 37 1.00256
0.261 49 1.00367
0.261 59 1.00814
0.261 86 1.00809
0.261 110 1.00272
0.261 132 1.00366
0.261 170 0.989043
0.261 204 0.984703
0.261 236 1.00217
0.261 279 0.965441
0.261 302 1.01994
0.261 373 0.969705
0.261 460 0.998686
0.261 575 1.00878
0.261 638 1.0062
0.261 737 1.00492
0.261 846 0.9987
0.261 967 0.973511
0.261 1101 1.02045
0.261 1248 1.00036
0.261 1410 1.00099
0.261 1588 1.00235
0.261 1784 0.995233
0.261 2000 1.02506
0.261 2238 0.996236
0.261 2500 0
0.261 2787 0
0.522 15 0.991833
0.522 21 0.988223
0.522 28 1.02712
0.522 37 1.00982
0.522 49 0.99119
0.522 59 1.00783
0.522 86 1.01807
0.522 110 1.00329
0.522 132 1.00403
0.522 170 0.994591
0.522 204 1.02061
0.522 236 1.04989
0.522 279 1.07871
0.522 302 0.988766
0.522 373 1.04136
0.522 460 1.00605
0.522 575 1.00337
0.522 638 0.997543
0.522 737 0.98049
0.522 846 1.00504
0.522 967 0.988236
0.522 1101 1.02721
0.522 1248 1.00115
0.522 1410 0.999532
0.522 1588 0.995277
0.522 1784 1.00579
0.522 2000 1.00002
0.522 2238 0
0.522 2500 0
0.522 2787 0
0.783 15 1.02535
0.783 21 0.992177
0.783 28 0.988362
0.783 37 1.01417
0.783 49 1.0095
0.783 59 0.992714
0.783 86 1.00189
0.783 110 0.994969
0.783 132 1.0116
0.783 170 1.01748
0.783 204 0.987814
0.783 236 0.966664
0.783 279 0.990139
0.783 302 1.0074
0.783 373 1.07297
0.783 460 1.00494
0.783 575 1.01379
0.783 638 0.962639
0.783 737 1.02102
0.783 846 1.02497
0.783 967 0.97496
0.783 1101 0.96766
0.783 1248 0.998337
0.783 1410 0.992668
0.783 1588 0.991965
0.783 1784 1.00024
0.783 2000 0.961437
0.783 2238 0
0.783 2500 0
0.783 2787 0
1.044 15 0.967054
1.044 21 0.985576
1.044 28 0.974911
1.044 37 0.986968
1.044 49 0.994915
1.044 59 0.981902
1.044 86 0.98456
1.044 110 0.995243
1.044 132 0.995759
1.044 170 1.00864
1.044 204 0.978633
1.044 236 0.97788
1.044 279 1.00526
1.044 302 1.00281
1.044 373 1.09619
1.044 460 1.0182
1.044 575 0.991774
1.044 638 1.0049
1.044 737 0.982701
1.044 846 1.01436
1.044 967 0.99834
1.044 1101 0.997576
1.044 1248 0.992214
1.044 1410 0.996167
1.044 1588 0.994148
1.044 1784 0.98087
1.044 2000 0
1.044 2238 0
1.044 2500 0
1.044 2787 0
1.305 15 0.939127
1.305 21 1.03391
1.305 28 0.955365
1.305 37 0.961367
1.305 49 0.967209
1.305 59 0.963066
1.305 86 0.962261
1.305 110 0.970008
1.305 132 0.970279
1.305 170 0.983165
1.305 204 0.977113
1.305 236 1.0065
1.305 279 0.956988
1.305 302 0.983313
1.305 373 0.952194
1.305 460 0.974864
1.305 575 0.984148
1.305 638 1.01797
1.305 737 0.949636
1.305 846 0.96284
1.305 967 0.962858
1.305 1101 1.00112
1.305 1248 0.998543
1.305 1410 0.989259
1.305 1588 0.960626
1.305 1784 0.996278
1.305 2000 0
1.305 2238 0
1.305 2500 0
1.305 2787 0
1.479 15 0.997005
1.479 21 1.01635
1.479 28 1.02088
1.479 37 0.975906
1.479 49 0.986893
1.479 59 0.976108
1.479 86 0.988044
1.479 110 0.996905
1.479 132 0.993824
1.479 170 0.943512
1.479 204 1.01861
1.479 236 0.988039
1.479 279 1.03459
1.479 302 1.09213
1.479 373 1.12564
1.479 460 1.00455
1.479 575 0.978732
1.479 638 0.985848
1.479 737 1.02002
1.479 846 1.05698
1.479 967 0.995698
1.479 1101 0.997961
1.479 1248 0.999866
1.479 1410 1.0102
1.479 1588 0.989787
1.479 1784 1.04379
1.479 2000 0
1.479 2238 0
1.479 2500 0
1.479 2787 0
1.653 15 1.00263
1.653 21 1.03941
1.653 28 0.984884
1.653 37 0.978207
1.653 49 0.990061
1.653 59 0.992283
1.653 86 0.995378
1.653 110 1.00995
1.653 132 1.00286
1.653 170 1.01397
1.653 204 0.973648
1.653 236 1.036
1.653 279 1.02729
1.653 302 1.01487
1.653 373 1.02298
1.653 460 0.991395
1.653 575 1.00229
1.653 638 0.956338
1.653 737 1.0001
1.653 846 1.00071
1.653 967 0.99649
1.653 1101 0.997266
1.653 1248 0.992863
1.653 1410 1.00315
1.653 1588 1.02284
1.653 1784 1.02142
1.653 2000 0
1.653 2238 0
1.653 2500 0
1.93 15 0.995779
1.93 21 1.03548
1.93 28 1.0104
1.93 37 1.01915
1.93 49 1.01708
1.93 59 0.987745
1.93 86 0.98639
1.93 110 1.00909
1.93 132 1.00764
1.93 170 0.973799
1.93 204 1.02973
1.93 236 1.02048
1.93 279 1.02579
1.93 302 1.05097
1.93 373 1.00898
1.93 460 1.01002
1.93 575 1.00311
1.93 638 1.00115
1.93 737 0.999464
1.93 846 1.00047
1.93 967 0.99263
1.93 1101 0.986189
1.93 1248 0.978455
1.93 1410 0.987839
1.93 1588 0.966479
1.93 1784 0.913282
2.172 15 0.981235
2.172 21 1.08306
2.172 28 0.984375
2.172 37 0.972959
2.172 49 0.974824
2.172 59 0.994629
2.172 86 0.988155
2.172 110 1.01393
2.172 132 1.01416
2.172 170 0.986783
2.172 204 0.994131
2.172 236 0.950568
2.172 279 1.09162
2.172 302 0.995402
2.172 373 1.00348
2.172 460 1.00274
2.172 575 0.998028
2.172 638 0.997764
2.172 737 0.998958
2.172 846 0.993317
2.172 967 0.988445
2.172 1101 0.971318
2.172 1248 0.970046
2.172 1410 1.05321
2.322 15 0.930338
2.322 21 0.938658
2.322 28 0.9714
2.322 37 0.974134
2.322 49 0.977407
2.322 59 1.0152
2.322 86 0.98339
2.322 110 1.00933
2.322 132 1.01399
2.322 170 1.00266
2.322 204 0.92751
2.322 236 1.02058
2.322 279 0.973452
2.322 302 1.00611
2.322 373 1.00726
2.322 460 1.0085
2.322 575 1.00388
2.322 638 0.99809
2.322 737 0.996607
2.322 846 0.997576
2.322 967 0.984975
2.322 1101 0.982111
2.322 1248 0.922556
2.5 15 0.91326
2.5 21 0.899641
2.5 28 0.92909
2.5 37 0.943993
2.5 49 0.957747
2.5 59 1.02571
2.5 86 0.935101
2.5 110 0.955344
2.5 132 1.02034
2.5 170 0.932712
2.5 204 1.02384
2.5 236 1.016
2.5 279 0.979023
2.5 302 0.979373
2.5 373 1.01259
2.5 460 1.01467
2.5 575 1.01054
2.5 638 0.999572
2.5 737 0.999014
2.5 846 1.00287
2.5 967 0
2.5 1101 0
2.65 15 0.90049
2.65 21 0.789791
2.65 28 0.829737
2.65 37 0.82918
2.65 49 0.886727
2.65 59 0.894949
2.65 86 0.79929
2.65 110 0.866274
2.65 132 0.85131
2.65 170 1.01453
2.65 204 1.02035
2.65 236 1.02255
2.65 279 1.05936
2.65 302 1.01219
2.65 373 1.00866
2.65 460 1.00806
2.65 575 1.01165
2.65 638 1.0002
2.65 737 1.00272
2.65 846 1.01338
2.853 15 0.809978
2.853 21 0.79958
2.853 28 0.805572
2.853 37 0.789572
2.853 49 0.8222
2.853 59 0.86494
2.853 86 0.931534
2.853 110 0.832416
2.853 132 1.0106
2.853 170 1.06685
2.853 204 0.981194
2.853 236 1.01037
2.853 279 1.00055
2.853 302 0.98861
2.853 373 1.00656
2.853 460 1.00785
2.853 575 1.02798
2.853 638 1.02109
2.853 737 1.01304
2.964 15 0
2.964 21 0.928496
2.964 28 0.879801
2.964 37 0.872896
2.964 49 0.883349
2.964 59 0.922074
2.964 86 0.924437
2.964 110 0.888189
2.964 132 0.954976
2.964 170 1.04007
2.964 204 0.990807
2.964 236 1.00815
2.964 279 1.0017
2.964 302 0.992264
2.964 373 0.999095
2.964 460 1.00985
2.964 575 1.00156
2.964 638 1.01978
3.139 15 0
3.139 21 1.06402
3.139 28 1.01898
3.139 37 1.00635
3.139 49 0.981052
3.139 59 0.97128
3.139 86 0.974371
3.139 110 0.925818
3.139 132 1.02384
3.139 170 1.00518
3.139 204 1.00537
3.139 236 1.00967
3.139 279 1.00752
3.139 302 0.995429
3.139 373 1.00442
3.139 460 0.997112
3.139 575 1.00863
3.314 15 0
3.314 21 1.00367
3.314 28 0.98528
3.314 37 0.946225
3.314 49 0.979735
3.314 59 0.993642
3.314 86 0.974378
3.314 110 0.96616
3.314 132 1.01185
3.314 170 0.991826
3.314 204 0.997628
3.314 236 0.990897
3.314 279 1.00421
3.314 302 1.0143
3.314 373 0.984812
3.314 460 1.00669
3.489 15 0
3.489 21 1.09006
3.489 28 1.00302
3.489 37 1.01624
3.489 49 0.993377
3.489 59 0.956247
3.489 86 0.990968
3.489 110 1.03929
3.489 132 1.03754
3.489 170 0.976416
3.489 204 1.01002
3.489 236 0.989162
3.489 279 0.991317
3.489 302 0.983289
3.489 373 1.00656
3.839 15 0
3.839 21 1.08322
3.839 28 1.02209
3.839 37 0.968501
3.839 49 0.978124
3.839 59 1.00043
3.839 86 0.95332
3.839 110 0.971351
3.839 132 0.943418
3.839 170 1.00881
3.839 204 0.978603
3.839 236 0.972616
3.839 279 0.959576
4.013 15 0
4.013 21 1.20576
4.013 28 1.10873
4.013 37 1.07085
4.013 49 1.03851
4.013 59 1.03665
4.013 86 1.01843
4.013 110 0.947776
4.013 132 0.945744
4.013 170 0.983183
4.013 204 0.963697
4.013 236 0.944904
4.583 15 0
4.583 21 0.972502
4.583 28 0.819784
4.583 37 0.871785
4.583 49 0.906622
4.583 59 0.945354
4.583 86 0.908424
4.583 110 0.899926
4.583 132 0.917384
