0 15 0
0 21 1.01729
0 28 0.995421
0 37 0.998807
0 49 0.999318
0 59 1.00236
0 86 0.993648
0 110 0.99775
0 132 0
0 170 0
0 204 0
0 236 0
0 279 0
0 302 0
0 373 0
0 460 0
0 575 0
0 638 0
0 737 0
0 846 0
0 967 0
0 1101 0
0 1248 0
0 1410 0
0 1588 0
0 1784 0
0 2000 0
0 2238 0
0 2500 0
0 2787 0
0.261 15 0
0.261 21 1.00668
0.261 28 1.01137
0.261 37 0.999811
0.261 49 1.0001
0.261 59 1.00581
0.261 86 1.00276
0.261 110 0.998656
0.261 132 0
0.261 170 0
0.261 204 0
0.261 236 0
0.261 279 0
0.261 302 0
0.261 373 0
0.261 460 0
0.261 575 0
0.261 638 0
0.261 737 0
0.261 846 0
0.261 967 0
0.261 1101 0
0.261 1248 0
0.261 1410 0
0.261 1588 0
0.261 1784 0
0.261 2000 0
0.261 2238 0
0.261 2500 0
0.261 2787 0
0.522 15 0
0.522 21 0.988223
0.522 28 0.994086
0.522 37 1.00143
0.522 49 0.996827
0.522 59 1.00783
0.522 86 1.00037
0.522 110 0.996816
0.522 132 0
0.522 170 0
0.522 204 0
0.522 236 0
0.522 279 0
0.522 302 0
0.522 373 0
0.522 460 0
0.522 575 0
0.522 638 0
0.522 737 0
0.522 846 0
0.522 967 0
0.522 1101 0
0.522 1248 0
0.522 1410 0
0.522 1588 0
0.522 1784 0
0.522 2000 0
0.522 2238 0
0.522 2500 0
0.522 2787 0
0.783 15 0
0.783 21 0.993352
0.783 28 1.0088
0.783 37 0.997621
0.783 49 1.0095
0.783 59 0.992714
0.783 86 1.00189
0.783 110 1.00449
0.783 132 0
0.783 170 0
0.783 204 0
0.783 236 0
0.783 279 0
0.783 302 0
0.783 373 0
0.783 460 0
0.783 575 0
0.783 638 0
0.783 737 0
0.783 846 0
0.783 967 0
0.783 1101 0
0.783 1248 0
0.783 1410 0
0.783 1588 0
0.783 1784 0
0.783 2000 0
0.783 2238 0
0.783 2500 0
0.783 2787 0
1.044 15 0
1.044 21 0.993227
1.044 28 0.989846
1.044 37 1.00279
1.044 49 0.994915
1.044 59 0.99198
1.044 86 1.00277
1.044 110 1.00438
1.044 132 0
1.044 170 0
1.044 204 0
1.044 236 0
1.044 279 0
1.044 302 0
1.044 373 0
1.044 460 0
1.044 575 0
1.044 638 0
1.044 737 0
1.044 846 0
1.044 967 0
1.044 1101 0
1.044 1248 0
1.044 1410 0
1.044 1588 0
1.044 1784 0
1.044 2000 0
1.044 2238 0
1.044 2500 0
1.044 2787 0
1.305 15 0
1.305 21 1.03391
1.305 28 0.997875
1.305 37 0.973732
1.305 49 0.983628
1.305 59 0.989097
1.305 86 0.990373
1.305 110 0.994148
1.305 132 0
1.305 170 0
1.305 204 0
1.305 236 0
1.305 279 0
1.305 302 0
1.305 373 0
1.305 460 0
1.305 575 0
1.305 638 0
1.305 737 0
1.305 846 0
1.305 967 0
1.305 1101 0
1.305 1248 0
1.305 1410 0
1.305 1588 0
1.305 1784 0
1.305 2000 0
1.305 2238 0
1.305 2500 0
1.305 2787 0
1.479 15 0
1.479 21 1.01635
1.479 28 0.998238
1.479 37 0.993943
1.479 49 0.992476
1.479 59 0.989604
1.479 86 0.989718
1.479 110 0.996905
1.479 132 0
1.479 170 0
1.479 204 0
1.479 236 0
1.479 279 0
1.479 302 0
1.479 373 0
1.479 460 0
1.479 575 0
1.479 638 0
1.479 737 0
1.479 846 0
1.479 967 0
1.479 1101 0
1.479 1248 0
1.479 1410 0
1.479 1588 0
1.479 1784 0
1.479 2000 0
1.479 2238 0
1.479 2500 0
1.479 2787 0
1.653 15 0
1.653 21 1.03941
1.653 28 0.996265
1.653 37 0.978207
1.653 49 0.990061
1.653 59 0.992822
1.653 86 0.997117
1.653 110 0
1.653 132 0
1.653 170 0
1.653 204 0
1.653 236 0
1.653 279 0
1.653 302 0
1.653 373 0
1.653 460 0
1.653 575 0
1.653 638 0
1.653 737 0
1.653 846 0
1.653 967 0
1.653 1101 0
1.653 1248 0
1.653 1410 0
1.653 1588 0
1.653 1784 0
1.653 2000 0
1.653 2238 0
1.653 2500 0
1.93 15 0
1.93 21 1.03548
1.93 28 1.0043
1.93 37 0.996232
1.93 49 0.99098
1.93 59 0.987745
1.93 86 0.994038
1.93 110 0.996936
1.93 132 0
1.93 170 0
1.93 204 0
1.93 236 0
1.93 279 0
1.93 302 0
1.93 373 0
1.93 460 0
1.93 575 0
1.93 638 0
1.93 737 0
1.93 846 0
1.93 967 0
1.93 1101 0
1.93 1248 0
1.93 1410 0
1.93 1588 0
1.93 1784 0
2.172 15 0
2.172 21 1.08306
2.172 28 0.984375
2.172 37 0.985525
2.172 49 0.974824
2.172 59 0.999026
2.172 86 0.9963
2.172 110 0.993664
2.172 132 0
2.172 170 0
2.172 204 0
2.172 236 0
2.172 279 0
2.172 302 0
2.172 373 0
2.172 460 0
2.172 575 0
2.172 638 0
2.172 737 0
2.172 846 0
2.172 967 0
2.172 1101 0
2.172 1248 0
2.172 1410 0
2.322 15 0
2.322 21 0
2.322 28 0
2.322 37 0
2.322 49 0
2.322 59 0
2.322 86 0
2.322 110 0
2.322 132 0
2.322 170 0
2.322 204 0
2.322 236 0
2.322 279 0
2.322 302 0
2.322 373 0
2.322 460 0
2.322 575 0
2.322 638 0
2.322 737 0
2.322 846 0
2.322 967 0
2.322 1101 0
2.322 1248 0
2.5 15 0
2.5 21 0
2.5 28 0
2.5 37 0
2.5 49 0
2.5 59 0
2.5 86 0
2.5 110 0
2.5 132 0
2.5 170 0
2.5 204 0
2.5 236 0
2.5 279 0
2.5 302 0
2.5 373 0
2.5 460 0
2.5 575 0
2.5 638 0
2.5 737 0
2.5 846 0
2.5 967 0
2.5 1101 0
2.65 15 0
2.65 21 0
2.65 28 0
2.65 37 0
2.65 49 0
2.65 59 0
2.65 86 0
2.65 110 0
2.65 132 0
2.65 170 0
2.65 204 0
2.65 236 0
2.65 279 0
2.65 302 0
2.65 373 0
2.65 460 0
2.65 575 0
2.65 638 0
2.65 737 0
2.65 846 0
2.853 15 0
2.853 21 0
2.853 28 0
2.853 37 0
2.853 49 0
2.853 59 0
2.853 86 0
2.853 110 0
2.853 132 0
2.853 170 0
2.853 204 0
2.853 236 0
2.853 279 0
2.853 302 0
2.853 373 0
2.853 460 0
2.853 575 0
2.853 638 0
2.853 737 0
2.964 15 0
2.964 21 0
2.964 28 0
2.964 37 0
2.964 49 0
2.964 59 0
2.964 86 0
2.964 110 0
2.964 132 0
2.964 170 0
2.964 204 0
2.964 236 0
2.964 279 0
2.964 302 0
2.964 373 0
2.964 460 0
2.964 575 0
2.964 638 0
3.139 15 0
3.139 21 0
3.139 28 0
3.139 37 0
3.139 49 0
3.139 59 0
3.139 86 0
3.139 110 0
3.139 132 0
3.139 170 0
3.139 204 0
3.139 236 0
3.139 279 0
3.139 302 0
3.139 373 0
3.139 460 0
3.139 575 0
3.314 15 0
3.314 21 0
3.314 28 0
3.314 37 0
3.314 49 0
3.314 59 0
3.314 86 0
3.314 110 0
3.314 132 0
3.314 170 0
3.314 204 0
3.314 236 0
3.314 279 0
3.314 302 0
3.314 373 0
3.314 460 0
3.489 15 0
3.489 21 0
3.489 28 0
3.489 37 0
3.489 49 0
3.489 59 0
3.489 86 0
3.489 110 0
3.489 132 0
3.489 170 0
3.489 204 0
3.489 236 0
3.489 279 0
3.489 302 0
3.489 373 0
3.839 15 0
3.839 21 0
3.839 28 0
3.839 37 0
3.839 49 0
3.839 59 0
3.839 86 0
3.839 110 0
3.839 132 0
3.839 170 0
3.839 204 0
3.839 236 0
3.839 279 0
4.013 15 0
4.013 21 0
4.013 28 0
4.013 37 0
4.013 49 0
4.013 59 0
4.013 86 0
4.013 110 0
4.013 132 0
4.013 170 0
4.013 204 0
4.013 236 0
4.583 15 0
4.583 21 0
4.583 28 0
4.583 37 0
4.583 49 0
4.583 59 0
4.583 86 0
4.583 110 0
4.583 132 0
